# This file may be used to create an environment using:
# $ conda create --name <env> --file <this file>
# platform: win-64
# created-by: conda 24.9.2
beautifulsoup4=4.12.3=pyha770c72_1
brotli-python=1.1.0=py313h5813708_2
bs4=4.12.3=hd8ed1ab_1
bzip2=1.0.8=h2466b09_7
ca-certificates=2024.12.14=h56e8100_0
certifi=2024.8.30=pyhd8ed1ab_0
cffi=1.17.1=py313ha7868ed_0
charset-normalizer=3.4.0=pyhd8ed1ab_1
ftfy=6.3.1=pyhd8ed1ab_0
h2=4.1.0=pyhd8ed1ab_1
hpack=4.0.0=pyhd8ed1ab_1
hyperframe=6.0.1=pyhd8ed1ab_1
idna=3.10=pyhd8ed1ab_1
intel-openmp=2024.2.1=h57928b3_1083
joblib=1.4.2=pyhd8ed1ab_1
libblas=3.9.0=25_win64_mkl
libcblas=3.9.0=25_win64_mkl
libexpat=2.6.4=he0c23c2_0
libffi=3.4.2=h8ffe710_5
libhwloc=2.11.2=default_ha69328c_1001
libiconv=1.17=hcfcfb64_2
liblapack=3.9.0=25_win64_mkl
liblzma=5.6.3=h2466b09_1
libmpdec=4.0.0=h2466b09_0
libsqlite=3.47.2=h67fdade_0
libwinpthread=12.0.0.r4.gg4f2fc60ca=h57928b3_8
libxml2=2.13.5=he286e8c_1
libxslt=1.1.39=h3df6e99_0
libzlib=1.3.1=h2466b09_2
lxml=5.3.0=py313hd92aa1b_2
mkl=2024.2.2=h66d3029_14
numpy=2.2.0=py313hd65a2fa_0
openssl=3.4.0=h2466b09_0
packaging=24.2=pyhd8ed1ab_2
pandas=2.2.3=py313hf91d08e_1
patsy=1.0.1=pyhd8ed1ab_1
pip=24.3.1=pyh145f28c_0
pycparser=2.22=pyh29332c3_1
pysocks=1.7.1=pyh09c184e_7
python=3.13.1=h071d269_102_cp313
python-dateutil=2.9.0.post0=pyhff2d567_1
python-tzdata=2024.2=pyhd8ed1ab_1
python_abi=3.13=5_cp313
pytz=2024.1=pyhd8ed1ab_0
requests=2.32.3=pyhd8ed1ab_1
scikit-learn=1.6.0=py313h4f67946_0
scipy=1.14.1=py313h16bbbb2_2
setuptools=75.6.0=pyhff2d567_1
six=1.17.0=pyhd8ed1ab_0
soupsieve=2.5=pyhd8ed1ab_1
statsmodels=0.14.4=py313h8e081ca_0
tbb=2021.13.0=h62715c5_1
threadpoolctl=3.5.0=pyhc1e730c_0
tk=8.6.13=h5226925_1
tzdata=2024b=hc8b5060_0
ucrt=10.0.22621.0=h57928b3_1
urllib3=2.2.3=pyhd8ed1ab_1
vc=14.3=ha32ba9b_23
vc14_runtime=14.42.34433=he29a5d6_23
vs2015_runtime=14.42.34433=hdffcdeb_23
wcwidth=0.2.13=pyhd8ed1ab_1
win_inet_pton=1.1.0=pyh7428d3b_8
zstandard=0.23.0=py313h574b89f_1
zstd=1.5.6=h0ea2cb4_0